y 1.5 2.1 1.8 2.2 2.2 2.0 2.1 1.9 2.8 1.9 2.0 2.7
x1 139.8 143.3 154.2 176.6 154.3 185.4 177.9 158.8 159.8 123.9 164.2 146.3
x2 19.1 21.1 21.2 23.2 22.4 22.1 21.6 19.0 20.9 22.0 19.5 19.8
x3 18.1 15.3 15.3 17.7 17.1 16.4 17.3 16.8 15.5 13.8 17.0 13.8
x4 133.6 144.6 164.6 139.4 127.3 137.3 144.0 141.4 127.7 124.2 135.7 116.1
y 2.4 2.3 2.0 1.7 2.3 0.9 1.2 1.9 0.8 2.2 2.3 1.7
x1 172.6 147.5 163.0 159.8 162.7 133.3 142.8 146.6 141.6 158.9 151.9 153.3
x2 20.7 21.0 21.2 20.4 20.0 21.1 22.6 23.0 22.1 22.8 21.8 20.0
x3 16.8 15.3 14.2 16.8 16.6 17.5 18.0 15.7 19.1 13.4 13.6 16.1
x4 109.0 131.0 143.3 156.6 120.1 131.8 149.4 106.9 135.6 164.6 162.6 134.8
y 1.6 1.6 2.8 2.7 1.3 2.1 2.5 1.5 2.4 2.3 1.9 1.5
x1 144.6 133.3 153.6 158.6 108.4 157.4 141.7 151.1 149.5 144.3 166.6 153.6
x2 22.9 22.9 19.4 21.0 21.1 20.1 19.8 21.8 20.5 21.0 21.4 20.8
x3 15.8 18.2 13.3 14.9 16.7 15.7 13.5 18.8 14.9 17.2 17.4 16.4
x4 154.0 120.7 151.9 133.6 142.8 168.2 120.5 135.6 119.5 119.0 150.8 144.0
y 2.4 2.3 1.7 2.0 1.9 2.3 2.1 2.2 1.8 2.1 2.2 1.3
x1 144.1 148.7 159.9 162.8 145.7 156.7 162.3 164.7 134.4 160.1 143.0 141.6
x2 20.3 19.1 19.6 21.3 20.0 19.2 22.1 19.1 20.9 21.1 20.5 21.7
x3 13.3 15.4 17.4 16.2 18.6 16.4 19.0 17.1 15.6 14.2 17.1 14.5
x4 124.7 154.4 136.7 152.4 133.6 113.2 81.6 134.8 130.4 162.1 144.7 163.1
y 2.5 2.2 1.4 2.2 2.5 1.8
x1 152.0 187.1 122.9 157.1 155.1 133.6
x2 20.8 21.5 22.6 23.4 20.8 22.5
x3 17.3 14.6 18.6 14.2 16.0 15.4
x4 137.1 156.0 127.2 121.4 155.3 140.4
